<?xml version="1.0" encoding="UTF-8" standalone="no"?>
<!DOCTYPE svg PUBLIC "-//W3C//DTD SVG 20010904//EN"
              "http://www.w3.org/TR/2001/REC-SVG-20010904/DTD/svg10.dtd">

<svg xmlns="http://www.w3.org/2000/svg"
     width="3.73564in" height="6.13812in"
     viewBox="0 0 269 442">
  <path id="Selection"
        fill="none" stroke="black" stroke-width="1"
        d="M 11.00,152.00
           C 11.00,152.00 10.00,111.00 10.00,111.00
             10.00,111.00 9.00,94.00 9.00,94.00
             9.00,94.00 9.00,43.00 9.00,43.00
             9.00,43.00 9.00,15.00 9.00,15.00
             9.05,12.00 9.10,8.88 11.57,6.74
             13.96,4.67 18.02,5.00 21.00,5.00
             21.00,5.00 30.00,5.00 30.00,5.00
             30.00,5.00 41.00,5.68 41.00,5.68
             41.00,5.68 50.00,5.04 50.00,5.04
             50.00,5.04 63.00,6.00 63.00,6.00
             63.00,6.00 82.00,6.00 82.00,6.00
             82.00,6.00 98.00,7.00 98.00,7.00
             98.00,7.00 246.00,7.00 246.00,7.00
             249.08,7.00 255.98,6.59 258.27,8.76
             261.13,11.47 260.26,16.14 260.93,19.72
             263.10,31.45 261.98,42.25 262.00,54.00
             262.00,54.00 262.00,85.00 262.00,85.00
             262.00,85.00 261.00,102.00 261.00,102.00
             261.00,102.00 261.00,148.00 261.00,148.00
             261.03,154.51 263.31,165.19 261.00,171.00
             261.00,171.00 260.00,169.00 260.00,169.00
             260.00,169.00 260.00,213.00 260.00,213.00
             260.00,213.00 260.00,227.00 260.00,227.00
             260.00,227.00 265.00,231.00 265.00,231.00
             265.00,231.00 267.00,235.00 267.00,235.00
             265.69,242.34 266.01,244.76 266.00,252.00
             266.00,252.00 265.00,269.00 265.00,269.00
             265.00,269.00 265.00,307.00 265.00,307.00
             265.00,307.00 264.00,322.00 264.00,322.00
             264.00,322.00 264.00,361.00 264.00,361.00
             264.00,361.00 263.00,378.00 263.00,378.00
             262.98,390.47 264.03,420.37 261.00,431.00
             261.00,431.00 264.00,433.00 264.00,433.00
             264.00,433.00 261.00,434.00 261.00,434.00
             261.00,434.00 263.00,434.00 263.00,434.00
             263.00,434.00 263.00,435.00 263.00,435.00
             257.01,438.27 253.71,437.93 247.00,438.00
             247.00,438.00 204.00,438.00 204.00,438.00
             204.00,438.00 64.00,438.00 64.00,438.00
             64.00,438.00 30.00,438.00 30.00,438.00
             26.72,437.96 14.46,437.20 12.31,435.40
             9.01,432.63 9.01,424.07 9.00,420.00
             9.00,420.00 9.00,405.00 9.00,405.00
             9.00,405.00 8.13,396.17 8.13,396.17
             8.13,396.17 8.13,384.00 8.13,384.00
             8.13,384.00 7.04,373.00 7.04,373.00
             7.04,373.00 7.04,359.00 7.04,359.00
             7.04,359.00 6.05,345.91 6.05,345.91
             6.05,345.91 6.05,331.00 6.05,331.00
             6.05,331.00 4.57,315.00 4.57,315.00
             4.57,315.00 4.57,303.00 4.57,303.00
             4.57,303.00 4.57,297.00 4.57,297.00
             4.57,297.00 4.57,291.00 4.57,291.00
             4.57,291.00 4.57,285.00 4.57,285.00
             4.57,285.00 4.57,263.00 4.57,263.00
             3.92,256.80 3.07,256.69 2.55,252.00
             2.55,252.00 2.55,246.00 2.55,246.00
             2.26,236.25 3.65,230.23 13.00,225.00
             13.00,225.00 12.00,211.00 12.00,211.00
             12.00,211.00 11.00,196.00 11.00,196.00
             11.00,196.00 11.00,181.00 11.00,181.00
             11.00,181.00 10.00,164.00 10.00,164.00
             10.00,164.00 9.00,167.00 9.00,167.00
             10.23,159.01 10.99,161.42 11.00,152.00 Z
           M 149.00,10.00
           C 149.00,10.00 156.00,9.00 156.00,9.00
             156.00,9.00 149.00,10.00 149.00,10.00 Z
           M 180.00,20.00
           C 180.00,20.00 158.00,19.00 158.00,19.00
             158.00,19.00 72.00,19.00 72.00,19.00
             72.00,19.00 35.00,19.00 35.00,19.00
             30.36,19.07 25.58,19.72 22.89,24.10
             21.12,26.99 21.94,37.15 22.00,41.00
             22.12,47.60 23.64,47.91 30.00,48.00
             30.00,48.00 66.00,48.00 66.00,48.00
             66.00,48.00 76.00,48.88 76.00,48.88
             76.00,48.88 85.00,48.88 85.00,48.88
             85.00,48.88 110.00,48.88 110.00,48.88
             110.00,48.88 131.00,48.00 131.00,48.00
             131.00,48.00 149.00,49.00 149.00,49.00
             149.00,49.00 159.00,48.14 159.00,48.14
             159.00,48.14 165.00,48.14 165.00,48.14
             165.00,48.14 207.00,48.14 207.00,48.14
             207.00,48.14 240.00,48.14 240.00,48.14
             242.54,47.99 246.48,48.32 248.40,46.40
             250.48,44.32 250.03,38.83 250.00,36.00
             249.92,29.06 249.55,23.03 242.00,21.00
             240.24,26.38 237.90,25.33 238.00,20.00
             238.00,20.00 232.00,20.00 232.00,20.00
             231.38,27.58 227.86,26.62 226.60,23.84
             226.05,22.63 226.10,21.28 226.00,20.00
             226.00,20.00 180.00,20.00 180.00,20.00 Z
           M 43.00,23.00
           C 43.93,25.06 45.27,27.44 43.93,29.68
             42.44,32.20 38.30,32.22 36.95,28.77
             36.11,26.80 36.62,24.97 36.95,23.00
             36.95,23.00 43.00,23.00 43.00,23.00 Z
           M 122.00,27.00
           C 122.00,27.00 127.00,23.00 127.00,23.00
             133.30,29.88 125.28,35.50 122.00,27.00 Z
           M 144.11,23.00
           C 144.32,24.92 145.05,27.88 144.11,29.70
             142.78,32.91 138.94,32.04 137.00,27.00
             137.00,27.00 141.00,23.00 141.00,23.00
             141.00,23.00 144.11,23.00 144.11,23.00 Z
           M 98.00,32.00
           C 94.07,30.54 93.71,30.13 93.00,26.00
             93.00,26.00 97.00,24.00 97.00,24.00
             99.81,27.24 99.31,28.06 98.00,32.00 Z
           M 114.00,24.00
           C 113.98,25.74 114.15,28.98 112.98,30.36
             109.77,34.14 108.17,28.14 108.00,26.00
             108.00,26.00 112.00,24.00 112.00,24.00
             112.00,24.00 114.00,24.00 114.00,24.00 Z
           M 202.18,25.72
           C 203.18,26.81 203.70,28.53 203.67,30.00
             203.51,37.53 192.17,34.78 196.42,27.43
             196.42,27.43 199.00,24.00 199.00,24.00
             200.31,24.51 201.12,24.56 202.18,25.72 Z
           M 216.57,34.38
           C 212.25,36.20 206.18,29.47 214.01,25.00
             220.72,24.81 219.37,33.20 216.57,34.38 Z
           M 171.98,33.29
           C 172.75,34.54 173.02,36.44 172.67,37.85
             171.31,43.34 162.50,39.39 166.49,33.73
             166.49,33.73 169.00,31.00 169.00,31.00
             170.33,31.75 171.05,31.81 171.98,33.29 Z
           M 184.86,40.26
           C 182.02,40.99 179.01,38.01 179.74,35.26
             180.29,33.20 182.27,32.62 183.96,31.91
             190.29,31.99 187.91,39.47 184.86,40.26 Z
           M 57.00,33.00
           C 56.94,34.75 57.07,37.04 55.98,38.53
             54.07,41.14 47.82,40.35 50.00,32.00
             50.00,32.00 57.00,33.00 57.00,33.00 Z
           M 157.00,32.00
           C 158.51,38.55 157.65,39.77 151.00,40.00
             151.00,40.00 150.00,34.00 150.00,34.00
             150.00,34.00 157.00,32.00 157.00,32.00 Z
           M 69.97,39.80
           C 67.83,41.18 62.86,38.51 66.34,34.04
             72.68,31.97 72.23,38.35 69.97,39.80 Z
           M 86.00,33.00
           C 86.00,33.00 85.00,41.00 85.00,41.00
             80.68,39.10 80.39,38.70 80.00,34.00
             80.00,34.00 86.00,33.00 86.00,33.00 Z
           M 242.00,37.00
           C 242.00,37.00 240.00,40.00 240.00,40.00
             240.00,40.00 239.00,39.00 239.00,39.00
             239.00,39.00 242.00,37.00 242.00,37.00 Z
           M 11.00,40.00
           C 11.00,40.00 12.00,41.00 12.00,41.00
             12.00,41.00 12.00,40.00 12.00,40.00
             12.00,40.00 11.00,40.00 11.00,40.00 Z
           M 218.00,53.00
           C 218.00,53.00 225.00,52.00 225.00,52.00
             225.00,52.00 218.00,53.00 218.00,53.00 Z
           M 227.00,52.00
           C 227.00,52.00 228.00,53.00 228.00,53.00
             228.00,53.00 228.00,52.00 228.00,52.00
             228.00,52.00 227.00,52.00 227.00,52.00 Z
           M 171.00,179.24
           C 185.97,166.87 195.14,149.72 194.91,129.96
             194.87,126.40 194.02,123.45 193.43,120.00
             189.76,98.31 177.19,82.19 157.00,73.33
             150.60,70.52 142.04,68.06 135.00,68.51
             127.59,68.98 120.17,68.73 113.00,70.92
             97.97,75.52 82.89,88.84 76.12,103.00
             72.05,111.52 71.02,120.72 70.32,130.00
             70.10,132.94 70.54,134.21 70.84,137.00
             72.58,153.53 77.89,164.37 89.99,175.91
             96.58,182.20 103.78,187.50 113.00,189.00
             113.00,189.00 117.00,186.00 117.00,186.00
             114.12,181.19 109.08,180.17 104.00,182.00
             102.90,175.22 98.14,174.11 94.00,169.00
             94.00,169.00 90.00,171.00 90.00,171.00
             91.28,164.14 86.70,159.46 80.00,159.00
             80.00,159.00 75.17,144.00 75.17,144.00
             74.57,140.89 73.09,131.79 73.33,129.00
             74.18,119.09 78.78,106.10 84.51,98.00
             105.62,68.17 148.89,63.77 174.56,90.29
             186.58,102.70 191.08,117.13 191.00,134.00
             190.91,152.25 179.37,170.92 164.00,180.38
             164.00,180.38 142.00,191.00 142.00,191.00
             153.73,190.96 162.04,186.64 171.00,179.24 Z
           M 136.98,100.00
           C 137.06,97.53 137.04,92.25 136.17,90.01
             131.95,79.15 111.58,82.00 102.00,82.00
             102.00,82.00 105.69,91.04 105.69,91.04
             105.69,91.04 107.00,109.00 107.00,109.00
             107.00,109.00 104.00,108.00 104.00,108.00
             104.00,108.00 109.00,124.00 109.00,124.00
             104.32,124.00 99.88,123.14 96.00,126.00
             99.13,126.89 110.27,126.71 107.83,131.74
             106.57,134.35 103.04,133.76 99.00,137.00
             99.00,137.00 107.00,137.00 107.00,137.00
             107.00,137.00 108.00,138.00 108.00,138.00
             108.00,138.00 104.00,144.00 104.00,144.00
             104.00,144.00 122.00,144.00 122.00,144.00
             124.55,144.05 127.23,143.93 128.83,146.31
             130.52,148.86 129.97,156.72 130.00,160.00
             130.07,165.49 131.20,171.03 133.63,175.99
             136.40,181.62 140.34,186.31 147.00,183.99
             149.67,185.76 151.03,185.81 153.91,183.99
             160.96,179.52 160.00,172.16 160.00,165.00
             154.94,168.04 156.76,170.55 153.99,174.98
             151.93,178.30 149.11,179.85 146.00,182.00
             143.57,173.46 139.28,170.61 142.00,161.00
             142.00,161.00 144.00,163.00 144.00,163.00
             144.00,163.00 145.00,157.00 145.00,157.00
             145.00,157.00 148.00,158.00 148.00,158.00
             148.00,158.00 149.00,141.00 149.00,141.00
             153.57,141.37 153.92,141.59 157.00,145.00
             157.00,145.00 159.00,145.00 159.00,145.00
             160.60,140.64 160.50,140.37 159.00,136.00
             159.00,136.00 169.00,134.00 169.00,134.00
             165.27,131.83 162.06,132.07 160.74,130.45
             157.44,126.38 167.54,125.40 172.00,122.00
             161.83,119.11 155.78,123.54 146.00,124.00
             146.00,124.00 146.00,119.00 146.00,119.00
             141.97,120.34 141.45,121.66 139.00,125.00
             138.82,118.81 137.43,116.23 132.00,113.00
             134.94,107.74 136.80,106.27 136.98,100.00 Z
           M 123.49,89.57
           C 126.74,92.89 126.76,102.94 124.55,106.82
             123.30,108.99 121.99,109.70 120.00,111.00
             116.67,104.68 118.00,94.22 118.00,87.00
             120.23,87.56 121.78,87.82 123.49,89.57 Z
           M 149.00,123.00
           C 156.86,120.32 161.54,114.24 162.00,106.00
             157.37,108.41 150.91,118.09 149.00,123.00 Z
           M 119.17,125.83
           C 117.27,122.43 117.30,113.35 122.91,116.08
             125.84,117.50 126.98,121.17 128.00,124.00
             128.00,124.00 121.00,120.00 121.00,120.00
             121.00,120.00 128.00,133.00 128.00,133.00
             124.99,131.27 120.92,128.94 119.17,125.83 Z
           M 151.00,132.00
           C 149.66,137.87 146.41,137.78 141.00,139.00
             142.74,133.36 145.40,132.40 151.00,132.00 Z
           M 126.00,137.00
           C 120.75,139.28 119.48,138.77 119.00,133.00
             119.00,133.00 126.00,137.00 126.00,137.00 Z
           M 144.00,143.00
           C 142.26,150.85 145.64,151.30 141.00,158.00
             140.86,151.69 137.67,145.22 144.00,143.00 Z
           M 123.00,185.00
           C 123.00,185.00 119.00,190.00 119.00,190.00
             123.94,192.78 126.10,191.39 127.00,186.00
             127.00,186.00 123.00,185.00 123.00,185.00 Z
           M 128.00,186.00
           C 129.65,190.66 131.56,189.53 136.00,189.00
             134.13,184.35 132.47,184.95 128.00,186.00 Z
           M 169.00,212.00
           C 169.00,212.00 154.00,211.10 154.00,211.10
             154.00,211.10 31.00,211.10 31.00,211.10
             29.57,211.00 26.41,210.94 25.15,211.10
             21.94,212.26 21.88,215.20 24.32,216.40
             25.78,217.13 29.30,217.00 31.00,216.99
             31.00,216.99 181.00,216.99 181.00,216.99
             181.00,216.99 195.00,216.04 195.00,216.04
             195.00,216.04 208.00,216.66 208.00,216.66
             208.00,216.66 219.00,216.00 219.00,216.00
             228.93,215.98 240.35,216.73 250.00,215.00
             250.00,215.00 250.00,211.00 250.00,211.00
             250.00,211.00 169.00,212.00 169.00,212.00 Z
           M 15.00,213.00
           C 15.24,215.87 15.14,220.26 16.93,222.57
             21.97,229.04 33.52,221.01 22.98,220.03
             22.98,220.03 20.00,220.03 20.00,220.03
             20.00,220.03 20.00,213.00 20.00,213.00
             20.00,213.00 15.00,213.00 15.00,213.00 Z
           M 246.00,220.00
           C 246.00,220.00 246.00,224.00 246.00,224.00
             246.00,224.00 255.00,223.00 255.00,223.00
             255.00,223.00 254.00,218.00 254.00,218.00
             254.00,218.00 246.00,220.00 246.00,220.00 Z
           M 259.00,222.00
           C 259.00,222.00 260.00,223.00 260.00,223.00
             260.00,223.00 260.00,222.00 260.00,222.00
             260.00,222.00 259.00,222.00 259.00,222.00 Z
           M 223.00,235.00
           C 223.00,235.00 206.00,234.00 206.00,234.00
             206.00,234.00 83.00,234.00 83.00,234.00
             83.00,234.00 33.00,234.00 33.00,234.00
             33.00,234.00 8.00,234.00 8.00,234.00
             8.00,234.00 8.00,237.00 8.00,237.00
             8.00,237.00 22.00,238.00 22.00,238.00
             22.00,238.00 100.00,238.00 100.00,238.00
             100.00,238.00 196.00,238.00 196.00,238.00
             196.00,238.00 207.00,237.19 207.00,237.19
             207.00,237.19 233.00,237.19 233.00,237.19
             238.08,236.99 245.89,238.02 250.00,235.00
             250.00,235.00 223.00,235.00 223.00,235.00 Z
           M 18.00,241.00
           C 18.00,241.00 18.00,243.00 18.00,243.00
             18.00,243.00 28.00,242.00 28.00,242.00
             28.00,242.00 18.00,241.00 18.00,241.00 Z
           M 53.00,242.00
           C 53.00,242.00 58.00,243.00 58.00,243.00
             58.00,243.00 58.00,241.00 58.00,241.00
             58.00,241.00 53.00,242.00 53.00,242.00 Z
           M 94.00,241.00
           C 88.83,241.00 82.33,239.81 78.00,243.00
             78.00,243.00 106.00,243.00 106.00,243.00
             106.00,243.00 118.00,244.92 118.00,244.92
             118.00,244.92 124.00,243.29 124.00,243.29
             124.00,243.29 135.00,242.00 135.00,242.00
             127.54,240.19 103.15,241.00 94.00,241.00 Z
           M 153.00,241.41
           C 147.49,241.21 140.71,239.53 136.00,243.00
             136.00,243.00 164.00,243.00 164.00,243.00
             164.00,243.00 179.00,242.00 179.00,242.00
             170.63,239.62 161.53,241.72 153.00,241.41 Z
           M 180.00,243.00
           C 180.00,243.00 186.00,242.00 186.00,242.00
             186.00,242.00 180.00,243.00 180.00,243.00 Z
           M 191.00,243.00
           C 191.00,243.00 196.00,242.00 196.00,242.00
             196.00,242.00 191.00,243.00 191.00,243.00 Z
           M 62.00,246.00
           C 62.00,246.00 63.00,247.00 63.00,247.00
             63.00,247.00 63.00,246.00 63.00,246.00
             63.00,246.00 62.00,246.00 62.00,246.00 Z
           M 165.00,424.00
           C 165.00,424.00 119.00,424.00 119.00,424.00
             110.77,424.00 92.94,423.16 86.00,426.00
             86.00,426.00 159.00,426.00 159.00,426.00
             165.45,426.00 186.27,426.88 191.00,425.00
             184.07,423.32 172.50,424.00 165.00,424.00 Z
           M 75.00,426.00
           C 75.00,426.00 82.00,425.00 82.00,425.00
             82.00,425.00 75.00,426.00 75.00,426.00 Z
           M 210.00,426.00
           C 210.00,426.00 215.00,425.00 215.00,425.00
             215.00,425.00 210.00,426.00 210.00,426.00 Z
           M 239.00,426.00
           C 239.00,426.00 249.00,425.00 249.00,425.00
             249.00,425.00 239.00,426.00 239.00,426.00 Z
           M 61.00,430.00
           C 61.00,430.00 61.00,432.00 61.00,432.00
             61.00,432.00 107.00,433.84 107.00,433.84
             107.00,433.84 197.00,433.84 197.00,433.84
             197.00,433.84 208.42,433.84 208.42,433.84
             208.42,433.84 220.30,433.84 220.30,433.84
             220.30,433.84 231.00,433.00 231.00,433.00
             238.16,432.97 251.96,433.51 258.00,430.00
             258.00,430.00 61.00,430.00 61.00,430.00 Z" />
</svg>
